0.000000	0
0.020000	0
0.040000	0
0.060000	0
0.080000	0
0.100000	0
0.120000	2
0.140000	3
0.160000	4
0.180000	8
0.200000	14
0.220000	21
0.240000	18
0.260000	28
0.280000	42
0.300000	39
0.320000	68
0.340000	76
0.360000	83
0.380000	124
0.400000	134
0.420000	167
0.440000	188
0.460000	240
0.480000	269
0.500000	277
0.520000	371
0.540000	440
0.560000	526
0.580000	597
0.600000	746
0.620000	914
0.640000	1200
0.660000	1471
0.680000	1903
0.700000	2389
0.720000	3031
0.740000	3833
0.760000	4885
0.780000	6157
0.800000	7822
0.820000	9621
0.840000	11590
0.860000	14020
0.880000	16228
0.900000	18449
0.920000	21028
0.940000	23093
0.960000	24601
0.980000	25653
1.000000	26113
1.020000	25989
1.040000	24421
1.060000	22714
1.080000	20603
1.100000	18245
1.120000	15620
1.140000	12888
1.160000	10851
1.180000	8559
1.200000	6582
1.220000	5111
1.240000	3709
1.260000	2786
1.280000	2104
1.300000	1473
1.320000	1050
1.340000	760
1.360000	473
1.380000	345
1.400000	228
1.420000	173
1.440000	120
1.460000	82
1.480000	52
1.500000	60
1.520000	29
1.540000	24
1.560000	21
1.580000	12
1.600000	11
1.620000	6
1.640000	7
1.660000	1
1.680000	0
1.700000	0
1.720000	0
1.740000	0
1.760000	0
1.780000	0
1.800000	0
1.820000	0
1.840000	0
1.860000	0
1.880000	0
1.900000	0
1.920000	0
1.940000	0
1.960000	0
1.980000	0
2.000000	0
