0.000000	77367
0.020000	123875
0.040000	80565
0.060000	32451
0.080000	17048
0.100000	12105
0.120000	10188
0.140000	9383
0.160000	8734
0.180000	7762
0.200000	6769
0.220000	5721
0.240000	4725
0.260000	3932
0.280000	3125
0.300000	2365
0.320000	1901
0.340000	1410
0.360000	1121
0.380000	872
0.400000	663
0.420000	489
0.440000	363
0.460000	270
0.480000	173
0.500000	112
0.520000	54
0.540000	24
0.560000	18
0.580000	6
0.600000	3
0.620000	1
0.640000	0
0.660000	0
0.680000	0
0.700000	0
0.720000	0
0.740000	0
0.760000	0
0.780000	0
0.800000	0
0.820000	0
0.840000	0
0.860000	0
0.880000	0
0.900000	0
0.920000	0
0.940000	0
0.960000	0
0.980000	0
1.000000	0
1.020000	0
1.040000	0
1.060000	0
1.080000	0
1.100000	0
1.120000	0
1.140000	0
1.160000	0
1.180000	0
1.200000	0
1.220000	0
1.240000	0
1.260000	0
1.280000	0
1.300000	0
1.320000	0
1.340000	0
1.360000	0
1.380000	0
1.400000	0
1.420000	0
1.440000	0
1.460000	0
1.480000	0
1.500000	0
1.520000	0
1.540000	0
1.560000	0
1.580000	0
1.600000	0
1.620000	0
1.640000	0
1.660000	0
1.680000	0
1.700000	0
1.720000	0
1.740000	0
1.760000	0
1.780000	0
1.800000	0
1.820000	0
1.840000	0
1.860000	0
1.880000	0
1.900000	0
1.920000	0
1.940000	0
1.960000	0
1.980000	0
2.000000	0
