0.000000	78317
0.020000	124661
0.040000	79719
0.060000	32205
0.080000	17751
0.100000	12577
0.120000	10873
0.140000	9830
0.160000	8852
0.180000	7674
0.200000	6542
0.220000	5386
0.240000	4539
0.260000	3590
0.280000	2666
0.300000	2169
0.320000	1658
0.340000	1233
0.360000	972
0.380000	740
0.400000	546
0.420000	401
0.440000	270
0.460000	234
0.480000	93
0.500000	40
0.520000	32
0.540000	20
0.560000	5
0.580000	0
0.600000	0
0.620000	0
0.640000	0
0.660000	0
0.680000	0
0.700000	0
0.720000	0
0.740000	0
0.760000	0
0.780000	0
0.800000	0
0.820000	0
0.840000	0
0.860000	0
0.880000	0
0.900000	0
0.920000	0
0.940000	0
0.960000	0
0.980000	0
1.000000	0
1.020000	0
1.040000	0
1.060000	0
1.080000	0
1.100000	0
1.120000	0
1.140000	0
1.160000	0
1.180000	0
1.200000	0
1.220000	0
1.240000	0
1.260000	0
1.280000	0
1.300000	0
1.320000	0
1.340000	0
1.360000	0
1.380000	0
1.400000	0
1.420000	0
1.440000	0
1.460000	0
1.480000	0
1.500000	0
1.520000	0
1.540000	0
1.560000	0
1.580000	0
1.600000	0
1.620000	0
1.640000	0
1.660000	0
1.680000	0
1.700000	0
1.720000	0
1.740000	0
1.760000	0
1.780000	0
1.800000	0
1.820000	0
1.840000	0
1.860000	0
1.880000	0
1.900000	0
1.920000	0
1.940000	0
1.960000	0
1.980000	0
2.000000	0
