0.000000	77570
0.020000	124754
0.040000	80752
0.060000	32643
0.080000	16847
0.100000	12172
0.120000	10257
0.140000	9462
0.160000	8656
0.180000	7785
0.200000	6756
0.220000	5626
0.240000	4581
0.260000	3790
0.280000	2954
0.300000	2292
0.320000	1774
0.340000	1303
0.360000	1060
0.380000	786
0.400000	595
0.420000	437
0.440000	322
0.460000	201
0.480000	109
0.500000	67
0.520000	24
0.540000	16
0.560000	4
0.580000	0
0.600000	0
0.620000	0
0.640000	0
0.660000	0
0.680000	0
0.700000	0
0.720000	0
0.740000	0
0.760000	0
0.780000	0
0.800000	0
0.820000	0
0.840000	0
0.860000	0
0.880000	0
0.900000	0
0.920000	0
0.940000	0
0.960000	0
0.980000	0
1.000000	0
1.020000	0
1.040000	0
1.060000	0
1.080000	0
1.100000	0
1.120000	0
1.140000	0
1.160000	0
1.180000	0
1.200000	0
1.220000	0
1.240000	0
1.260000	0
1.280000	0
1.300000	0
1.320000	0
1.340000	0
1.360000	0
1.380000	0
1.400000	0
1.420000	0
1.440000	0
1.460000	0
1.480000	0
1.500000	0
1.520000	0
1.540000	0
1.560000	0
1.580000	0
1.600000	0
1.620000	0
1.640000	0
1.660000	0
1.680000	0
1.700000	0
1.720000	0
1.740000	0
1.760000	0
1.780000	0
1.800000	0
1.820000	0
1.840000	0
1.860000	0
1.880000	0
1.900000	0
1.920000	0
1.940000	0
1.960000	0
1.980000	0
2.000000	0
