0.000000	76296
0.020000	126489
0.040000	81223
0.060000	32297
0.080000	16352
0.100000	11996
0.120000	10338
0.140000	9489
0.160000	8695
0.180000	7712
0.200000	6741
0.220000	5587
0.240000	4622
0.260000	3820
0.280000	3056
0.300000	2334
0.320000	1832
0.340000	1391
0.360000	1019
0.380000	756
0.400000	593
0.420000	402
0.440000	282
0.460000	129
0.480000	70
0.500000	44
0.520000	17
0.540000	8
0.560000	4
0.580000	1
0.600000	0
0.620000	0
0.640000	0
0.660000	0
0.680000	0
0.700000	0
0.720000	0
0.740000	0
0.760000	0
0.780000	0
0.800000	0
0.820000	0
0.840000	0
0.860000	0
0.880000	0
0.900000	0
0.920000	0
0.940000	0
0.960000	0
0.980000	0
1.000000	0
1.020000	0
1.040000	0
1.060000	0
1.080000	0
1.100000	0
1.120000	0
1.140000	0
1.160000	0
1.180000	0
1.200000	0
1.220000	0
1.240000	0
1.260000	0
1.280000	0
1.300000	0
1.320000	0
1.340000	0
1.360000	0
1.380000	0
1.400000	0
1.420000	0
1.440000	0
1.460000	0
1.480000	0
1.500000	0
1.520000	0
1.540000	0
1.560000	0
1.580000	0
1.600000	0
1.620000	0
1.640000	0
1.660000	0
1.680000	0
1.700000	0
1.720000	0
1.740000	0
1.760000	0
1.780000	0
1.800000	0
1.820000	0
1.840000	0
1.860000	0
1.880000	0
1.900000	0
1.920000	0
1.940000	0
1.960000	0
1.980000	0
2.000000	0
