0.000000	8543
0.020000	137693
0.040000	160820
0.060000	67157
0.080000	22116
0.100000	8080
0.120000	3476
0.140000	1757
0.160000	1131
0.180000	759
0.200000	489
0.220000	356
0.240000	310
0.260000	195
0.280000	152
0.300000	119
0.320000	94
0.340000	69
0.360000	66
0.380000	53
0.400000	24
0.420000	21
0.440000	21
0.460000	18
0.480000	15
0.500000	11
0.520000	11
0.540000	5
0.560000	6
0.580000	5
0.600000	5
0.620000	5
0.640000	2
0.660000	2
0.680000	0
0.700000	4
0.720000	2
0.740000	0
0.760000	0
0.780000	1
0.800000	2
0.820000	0
0.840000	0
0.860000	0
0.880000	0
0.900000	0
0.920000	0
0.940000	0
0.960000	0
0.980000	0
1.000000	0
1.020000	0
1.040000	0
1.060000	0
1.080000	0
1.100000	0
1.120000	0
1.140000	0
1.160000	0
1.180000	0
1.200000	0
1.220000	0
1.240000	0
1.260000	0
1.280000	0
1.300000	0
1.320000	0
1.340000	0
1.360000	0
1.380000	0
1.400000	0
1.420000	0
1.440000	0
1.460000	0
1.480000	0
1.500000	0
1.520000	0
1.540000	0
1.560000	0
1.580000	0
1.600000	0
1.620000	0
1.640000	0
1.660000	0
1.680000	0
1.700000	0
1.720000	0
1.740000	0
1.760000	0
1.780000	0
1.800000	0
1.820000	0
1.840000	0
1.860000	0
1.880000	0
1.900000	0
1.920000	0
1.940000	0
1.960000	0
1.980000	0
2.000000	0
